24 2
30 2
53 2
59 2
65 2
71 2
72 2
73 2
74 2
75 2
76 2
77 2
79 2
80 2
81 2
83 2
87 2
102 2
103 2
104 2
106 2
107 2
108 2
109 2
110 2
112 2
113 2
126 2
127 2
141 2
155 2
157 2
160 2
166 2
167 2
168 2
169 2
175 2
185 2
205 2
207 2
208 2
213 2
217 2
218 2
223 2
227 2
228 2
229 2
233 2
235 2
237 2
240 2
241 2
242 2
243 2
246 2
247 2
250 2
251 2
265 2
270 2
271 2
272 2
279 2
281 2
282 2
283 2
284 2
285 2
286 2
287 2
290 2
297 2
300 2
301 2
302 2
303 2
304 2
305 2
306 2
307 2
308 2
310 2
311 2
312 2
313 2
314 2
315 2
316 2
317 2
318 2
319 2
323 2
324 2
325 2
326 2
327 2
330 2
331 2
332 2
335 2
336 2
337 2
338 2
339 2
342 2
343 2
348 2
349 2
350 2
351 2
352 2
353 2
354 2
355 2
357 2
359 2
362 2
363 2
367 2
370 2
371 2
375 2
376 2
377 2
378 2
380 2
381 2
382 2
385 2
386 2
387 2
389 2
391 2
392 2
393 2
394 2
396 2
397 2
398 2
399 2
400 2
402 2
403 2
407 2
408 2
409 2
411 2
412 2
414 2
415 2
416 2
418 2
419 2
420 2
421 2
423 2
424 2
426 2
427 2
429 2
430 2
431 2
433 2
434 2
435 2
437 2
438 2
439 2
440 2
441 2
443 2
444 2
445 2
447 2
448 2
449 2
450 2
451 2
452 2
453 2
454 2
455 2
456 2
457 2
458 2
459 2
460 2
461 2
462 2
463 2
464 2
465 2
466 2
467 2
469 2
470 2
471 2
472 2
474 2
475 2
479 2
480 2
487 2
489 2
490 2
491 2
492 2
493 2
494 2
495 2
498 2
499 2
500 2
501 2
502 2
503 2
504 2
506 2
507 2
509 2
510 2
513 2
514 2
516 2
518 2
520 2
522 2
523 2
524 2
525 2
527 2
528 2
529 2
530 2
532 2
533 2
534 2
535 2
538 2
540 2
543 2
544 2
546 2
547 2
549 2
550 2
551 2
552 2
553 2
555 2
556 2
558 2
559 2
560 2
561 2
562 2
564 2
565 2
566 2
567 2
568 2
570 2
571 2
572 2
573 2
574 2
575 2
576 2
577 2
578 2
579 2
581 2
582 2
583 2
585 2
586 2
588 2
590 2
591 2
592 2
594 2
595 2
596 2
598 2
599 2
600 2
601 2
603 2
604 2
605 2
608 2
610 2
612 2
613 2
614 2
615 2
616 2
617 2
618 2
619 2
620 2
621 2
622 2
623 2
625 2
626 2
627 2
628 2
629 2
630 2
632 2
633 2
634 2
635 2
636 2
637 2
639 2
640 2
641 2
642 2
643 2
644 2
645 2
646 2
647 2
648 2
649 2
650 2
651 2
652 2
653 2
654 2
655 2
656 2
657 2
658 2
659 2
660 2
661 2
662 2
663 2
664 2
665 2
666 2
667 2
668 2
669 2
670 2
671 2
672 2
673 2
675 2
676 2
677 2
678 2
680 2
681 2
682 2
683 2
684 2
685 2
686 2
687 2
688 2
689 2
690 2
691 2
692 2
693 2
694 2
695 2
696 2
697 2
698 2
699 2
700 2
703 2
704 2
705 2
706 2
708 2
709 2
710 2
711 2
712 2
713 2
714 2
717 2
719 2
720 2
721 2
722 2
723 2
724 2
725 2
726 2
727 2
728 2
729 2
730 2
731 2
732 2
733 2
734 2
735 2
736 2
737 2
738 2
739 2
740 2
741 2
742 2
743 2
744 2
745 2
746 2
747 2
748 2
749 2
750 2
751 2
752 2
753 2
754 2
755 2
756 2
757 2
758 2
759 2
760 2
761 2
762 2
763 2
764 2
765 2
766 2
767 2
768 2
770 2
771 2
772 2
773 2
774 2
775 2
776 2
777 2
778 2
779 2
780 2
781 2
783 2
785 2
786 2
787 2
788 2
789 2
790 2
791 2
792 2
794 2
795 2
796 2
799 2
800 2
801 2
802 2
803 2
806 2
807 2
808 2
809 2
810 2
811 2
812 2
813 2
814 2
815 2
816 2
818 2
819 2
820 2
821 2
822 2
823 2
824 2
825 2
826 2
827 2
828 2
829 2
831 2
832 2
833 2
834 2
835 2
836 2
837 2
838 2
839 2
840 2
841 2
842 2
843 2
844 2
845 2
846 2
847 2
848 2
849 2
850 2
851 2
852 2
853 2
854 2
855 2
856 2
857 2
858 2
859 2
860 2
861 2
862 2
863 2
864 2
865 2
866 2
867 2
868 2
869 2
870 2
871 2
872 2
873 2
874 2
875 2
876 2
877 2
878 2
879 2
880 2
881 2
882 2
883 2
884 2
885 2
886 2
887 2
888 2
889 2
890 2
891 2
892 2
893 2
894 2
895 2
896 2
897 2
898 2
899 2
900 2
