9 4
24 4
26 4
27 4
28 4
30 4
39 4
53 4
56 4
59 4
62 4
69 4
71 4
72 4
73 4
74 4
75 4
76 4
77 4
79 4
80 4
81 4
82 4
86 4
87 4
88 4
92 4
97 4
98 4
100 4
105 4
106 4
108 4
109 4
110 4
111 4
112 4
113 4
119 4
124 4
126 4
127 4
139 4
143 4
146 4
147 4
148 4
150 4
151 4
152 4
153 4
154 4
155 4
156 4
157 4
159 4
160 4
162 4
163 4
164 4
167 4
168 4
172 4
174 4
179 4
181 4
182 4
185 4
190 4
202 4
205 4
206 4
208 4
209 4
215 4
216 4
217 4
218 4
219 4
223 4
224 4
227 4
228 4
229 4
233 4
234 4
235 4
238 4
239 4
240 4
242 4
243 4
244 4
246 4
247 4
248 4
251 4
255 4
256 4
259 4
261 4
265 4
269 4
270 4
271 4
272 4
279 4
281 4
282 4
283 4
284 4
285 4
286 4
287 4
289 4
295 4
297 4
298 4
300 4
301 4
302 4
303 4
304 4
305 4
307 4
308 4
309 4
310 4
311 4
312 4
313 4
314 4
316 4
317 4
318 4
319 4
322 4
323 4
324 4
325 4
326 4
327 4
329 4
330 4
331 4
332 4
333 4
334 4
335 4
337 4
339 4
340 4
342 4
343 4
346 4
347 4
348 4
349 4
350 4
351 4
352 4
353 4
354 4
355 4
357 4
359 4
362 4
363 4
366 4
367 4
369 4
372 4
375 4
376 4
377 4
378 4
380 4
381 4
382 4
384 4
385 4
386 4
387 4
390 4
391 4
393 4
394 4
395 4
396 4
397 4
398 4
399 4
400 4
401 4
402 4
403 4
404 4
405 4
406 4
407 4
408 4
409 4
410 4
411 4
412 4
414 4
415 4
416 4
417 4
418 4
419 4
420 4
421 4
422 4
423 4
424 4
425 4
426 4
427 4
428 4
429 4
430 4
431 4
433 4
434 4
435 4
436 4
437 4
438 4
439 4
440 4
441 4
442 4
444 4
445 4
448 4
449 4
450 4
451 4
452 4
453 4
454 4
455 4
456 4
457 4
458 4
459 4
460 4
461 4
462 4
463 4
464 4
465 4
466 4
467 4
469 4
470 4
471 4
472 4
474 4
475 4
476 4
477 4
480 4
482 4
483 4
484 4
486 4
487 4
488 4
489 4
490 4
491 4
492 4
493 4
494 4
495 4
496 4
497 4
498 4
499 4
501 4
502 4
503 4
504 4
505 4
506 4
507 4
509 4
510 4
511 4
512 4
513 4
514 4
515 4
516 4
517 4
518 4
519 4
520 4
523 4
526 4
527 4
528 4
530 4
531 4
532 4
533 4
534 4
537 4
538 4
540 4
541 4
542 4
543 4
544 4
545 4
547 4
549 4
550 4
552 4
553 4
555 4
556 4
557 4
558 4
559 4
560 4
561 4
562 4
563 4
564 4
565 4
566 4
567 4
568 4
569 4
570 4
571 4
572 4
573 4
574 4
575 4
576 4
577 4
578 4
579 4
581 4
586 4
587 4
588 4
589 4
590 4
591 4
592 4
593 4
595 4
596 4
597 4
598 4
599 4
600 4
601 4
602 4
603 4
606 4
608 4
610 4
611 4
612 4
613 4
615 4
616 4
617 4
618 4
619 4
620 4
621 4
622 4
623 4
624 4
626 4
627 4
628 4
629 4
630 4
631 4
632 4
633 4
635 4
636 4
637 4
638 4
640 4
641 4
642 4
643 4
644 4
645 4
646 4
647 4
648 4
649 4
650 4
651 4
652 4
653 4
654 4
655 4
656 4
657 4
658 4
659 4
660 4
661 4
662 4
663 4
664 4
665 4
666 4
667 4
668 4
669 4
670 4
671 4
672 4
673 4
674 4
675 4
676 4
677 4
678 4
679 4
680 4
681 4
682 4
683 4
684 4
685 4
686 4
687 4
688 4
689 4
690 4
691 4
692 4
693 4
695 4
696 4
697 4
698 4
699 4
700 4
701 4
702 4
703 4
704 4
705 4
706 4
707 4
708 4
709 4
710 4
711 4
712 4
713 4
714 4
715 4
716 4
717 4
718 4
719 4
720 4
721 4
722 4
723 4
724 4
725 4
726 4
727 4
728 4
729 4
730 4
731 4
732 4
733 4
734 4
735 4
736 4
737 4
738 4
739 4
740 4
741 4
742 4
743 4
744 4
745 4
746 4
747 4
748 4
749 4
751 4
752 4
753 4
754 4
755 4
756 4
759 4
760 4
761 4
762 4
763 4
764 4
765 4
766 4
767 4
768 4
769 4
770 4
771 4
772 4
773 4
774 4
775 4
776 4
777 4
778 4
779 4
781 4
782 4
784 4
785 4
786 4
787 4
788 4
789 4
790 4
791 4
792 4
794 4
795 4
796 4
797 4
798 4
799 4
800 4
801 4
802 4
803 4
804 4
805 4
806 4
807 4
808 4
809 4
810 4
811 4
812 4
813 4
814 4
815 4
816 4
817 4
818 4
819 4
820 4
821 4
822 4
823 4
824 4
825 4
826 4
827 4
828 4
829 4
830 4
831 4
832 4
833 4
834 4
835 4
836 4
837 4
838 4
839 4
840 4
841 4
842 4
843 4
844 4
845 4
846 4
847 4
848 4
849 4
850 4
851 4
852 4
853 4
854 4
855 4
856 4
857 4
858 4
859 4
860 4
861 4
862 4
863 4
864 4
865 4
866 4
867 4
868 4
869 4
870 4
871 4
872 4
873 4
874 4
875 4
876 4
877 4
878 4
879 4
880 4
881 4
882 4
883 4
884 4
885 4
886 4
887 4
888 4
889 4
890 4
891 4
892 4
894 4
895 4
896 4
897 4
898 4
899 4
900 4
